[[[320 162]]]
[[[317 161]]
 [[316 162]]
 [[315 162]]
 [[314 163]]
 [[310 163]]
 [[309 164]]
 [[301 164]]
 [[300 165]]
 [[267 165]]
 [[300 165]]
 [[301 164]]
 [[309 164]]
 [[310 163]]
 [[314 163]]
 [[315 162]]
 [[317 162]]
 [[318 161]]]
[[[401 138]]
 [[400 139]]]
[[[424 133]]
 [[423 134]]
 [[422 134]]
 [[424 134]]
 [[425 133]]]
[[[264 131]]
 [[263 132]]
 [[261 132]]
 [[260 133]]
 [[260 135]]
 [[259 136]]
 [[259 139]]
 [[260 140]]
 [[260 145]]
 [[261 146]]
 [[261 151]]
 [[262 152]]
 [[262 157]]
 [[263 158]]
 [[263 162]]
 [[264 163]]
 [[264 164]]
 [[265 165]]
 [[265 164]]
 [[263 162]]
 [[263 158]]
 [[262 157]]
 [[262 152]]
 [[261 151]]
 [[261 146]]
 [[260 145]]
 [[260 140]]
 [[259 139]]
 [[259 136]]
 [[260 135]]
 [[260 134]]
 [[262 132]]
 [[263 132]]
 [[264 131]]
 [[274 131]]
 [[275 132]]
 [[309 132]]
 [[310 133]]
 [[314 133]]
 [[315 134]]
 [[315 140]]
 [[316 141]]
 [[316 150]]
 [[317 151]]
 [[317 159]]
 [[317 151]]
 [[316 150]]
 [[316 141]]
 [[315 140]]
 [[315 134]]
 [[317 132]]
 [[319 134]]
 [[319 135]]
 [[321 133]]
 [[343 133]]
 [[344 134]]
 [[347 134]]
 [[350 137]]
 [[350 138]]
 [[352 140]]
 [[352 146]]
 [[349 149]]
 [[348 149]]
 [[346 151]]
 [[345 151]]
 [[344 152]]
 [[343 152]]
 [[342 153]]
 [[341 153]]
 [[340 154]]
 [[339 154]]
 [[338 155]]
 [[337 155]]
 [[336 156]]
 [[335 156]]
 [[334 157]]
 [[332 157]]
 [[331 158]]
 [[330 158]]
 [[329 159]]
 [[327 159]]
 [[326 160]]
 [[323 160]]
 [[322 159]]
 [[322 157]]
 [[321 156]]
 [[321 147]]
 [[320 146]]
 [[320 137]]
 [[320 146]]
 [[321 147]]
 [[321 156]]
 [[322 157]]
 [[322 159]]
 [[323 160]]
 [[326 160]]
 [[327 159]]
 [[329 159]]
 [[330 158]]
 [[331 158]]
 [[332 157]]
 [[334 157]]
 [[335 156]]
 [[337 156]]
 [[338 155]]
 [[339 155]]
 [[340 154]]
 [[341 154]]
 [[342 153]]
 [[343 153]]
 [[344 152]]
 [[345 152]]
 [[346 151]]
 [[347 151]]
 [[349 149]]
 [[350 149]]
 [[352 147]]
 [[352 140]]
 [[351 139]]
 [[351 138]]
 [[350 137]]
 [[350 136]]
 [[349 135]]
 [[348 135]]
 [[347 134]]
 [[344 134]]
 [[343 133]]
 [[318 133]]
 [[317 132]]
 [[316 133]]
 [[310 133]]
 [[309 132]]
 [[275 132]]
 [[274 131]]]
[[[438 129]]
 [[438 131]]
 [[437 132]]
 [[437 133]]
 [[437 132]]
 [[438 131]]]
[[[166 129]]
 [[169 129]]
 [[170 130]]
 [[171 129]]
 [[172 129]]
 [[173 130]]
 [[172 129]]
 [[171 129]]
 [[170 130]]
 [[169 129]]]
[[[178 128]]
 [[177 129]]
 [[177 131]]
 [[176 132]]
 [[176 136]]
 [[173 139]]
 [[172 139]]
 [[171 138]]
 [[169 138]]
 [[168 137]]
 [[167 137]]
 [[166 136]]
 [[166 135]]
 [[166 136]]
 [[167 137]]
 [[168 137]]
 [[170 139]]
 [[174 139]]
 [[176 137]]
 [[176 132]]
 [[177 131]]
 [[177 130]]
 [[179 128]]
 [[198 128]]
 [[199 129]]
 [[223 129]]
 [[224 130]]
 [[237 130]]
 [[238 131]]
 [[239 131]]
 [[241 133]]
 [[241 134]]
 [[243 136]]
 [[243 137]]
 [[244 138]]
 [[244 140]]
 [[245 141]]
 [[245 143]]
 [[246 144]]
 [[246 146]]
 [[247 147]]
 [[247 149]]
 [[248 150]]
 [[248 152]]
 [[249 153]]
 [[249 155]]
 [[250 156]]
 [[250 158]]
 [[251 159]]
 [[251 161]]
 [[252 162]]
 [[251 163]]
 [[251 164]]
 [[250 165]]
 [[240 165]]
 [[239 164]]
 [[231 164]]
 [[230 163]]
 [[224 163]]
 [[223 162]]
 [[219 162]]
 [[218 161]]
 [[215 161]]
 [[214 160]]
 [[212 160]]
 [[211 159]]
 [[208 159]]
 [[207 158]]
 [[205 158]]
 [[204 157]]
 [[203 157]]
 [[202 156]]
 [[200 156]]
 [[199 155]]
 [[198 155]]
 [[197 154]]
 [[196 154]]
 [[195 153]]
 [[194 153]]
 [[193 152]]
 [[192 152]]
 [[191 151]]
 [[190 151]]
 [[189 150]]
 [[188 150]]
 [[187 149]]
 [[186 149]]
 [[185 148]]
 [[184 148]]
 [[182 146]]
 [[181 146]]
 [[180 145]]
 [[179 145]]
 [[178 144]]
 [[177 144]]
 [[175 142]]
 [[175 141]]
 [[174 142]]
 [[172 142]]
 [[174 142]]
 [[175 143]]
 [[176 143]]
 [[178 145]]
 [[179 145]]
 [[180 146]]
 [[181 146]]
 [[183 148]]
 [[184 148]]
 [[185 149]]
 [[186 149]]
 [[187 150]]
 [[188 150]]
 [[189 151]]
 [[190 151]]
 [[191 152]]
 [[192 152]]
 [[193 153]]
 [[194 153]]
 [[195 154]]
 [[196 154]]
 [[197 155]]
 [[199 155]]
 [[200 156]]
 [[202 156]]
 [[203 157]]
 [[204 157]]
 [[205 158]]
 [[207 158]]
 [[208 159]]
 [[211 159]]
 [[212 160]]
 [[214 160]]
 [[215 161]]
 [[218 161]]
 [[219 162]]
 [[223 162]]
 [[224 163]]
 [[230 163]]
 [[231 164]]
 [[239 164]]
 [[240 165]]
 [[251 165]]
 [[251 163]]
 [[252 162]]
 [[251 161]]
 [[251 159]]
 [[250 158]]
 [[250 156]]
 [[249 155]]
 [[249 153]]
 [[248 152]]
 [[248 150]]
 [[247 149]]
 [[247 147]]
 [[246 146]]
 [[246 144]]
 [[245 143]]
 [[245 141]]
 [[244 140]]
 [[244 138]]
 [[243 137]]
 [[243 135]]
 [[241 133]]
 [[241 132]]
 [[240 131]]
 [[238 131]]
 [[237 130]]
 [[224 130]]
 [[223 129]]
 [[199 129]]
 [[198 128]]]
[[[161 126]]
 [[160 127]]
 [[159 127]]
 [[158 128]]
 [[158 129]]
 [[159 130]]
 [[159 131]]
 [[160 132]]
 [[160 133]]
 [[161 132]]
 [[158 129]]
 [[161 126]]
 [[164 129]]
 [[164 132]]
 [[163 133]]
 [[163 134]]
 [[164 134]]
 [[164 129]]
 [[163 128]]
 [[163 127]]
 [[164 126]]
 [[163 127]]
 [[162 127]]]
[[[321 118]]
 [[322 117]]
 [[336 117]]
 [[338 119]]
 [[336 121]]
 [[323 121]]
 [[321 119]]]
[[[321 117]]
 [[321 119]]
 [[320 120]]
 [[321 120]]
 [[322 121]]
 [[337 121]]
 [[338 120]]
 [[339 120]]
 [[338 119]]
 [[338 118]]
 [[337 117]]]
[[[227 115]]
 [[228 114]]
 [[238 114]]
 [[239 115]]
 [[241 115]]
 [[242 116]]
 [[242 117]]
 [[240 119]]
 [[227 119]]
 [[225 117]]
 [[225 116]]
 [[226 115]]]
[[[228 114]]
 [[227 115]]
 [[225 115]]
 [[225 117]]
 [[224 118]]
 [[225 118]]
 [[226 119]]
 [[241 119]]
 [[242 118]]
 [[244 118]]
 [[243 118]]
 [[242 117]]
 [[242 115]]
 [[239 115]]
 [[238 114]]]
[[[437 110]]
 [[436 111]]
 [[436 112]]
 [[433 115]]
 [[433 125]]
 [[435 127]]
 [[435 128]]
 [[433 130]]
 [[433 131]]
 [[433 130]]
 [[435 128]]
 [[435 125]]
 [[436 124]]
 [[437 125]]
 [[437 127]]
 [[437 126]]
 [[438 125]]
 [[438 120]]
 [[439 119]]
 [[439 118]]
 [[438 117]]
 [[438 116]]
 [[437 115]]
 [[437 116]]
 [[439 118]]
 [[439 119]]
 [[438 120]]
 [[438 124]]
 [[437 125]]
 [[436 124]]
 [[435 125]]
 [[434 125]]
 [[433 124]]
 [[433 116]]
 [[437 112]]
 [[436 111]]]
[[[440 109]]
 [[440 113]]
 [[439 114]]
 [[440 113]]]
[[[82 97]]]
[[[ 45  97]]
 [[ 46  96]]
 [[ 48  96]]
 [[ 49  97]]
 [[ 54  97]]
 [[ 55  98]]
 [[ 56  98]]
 [[ 57  99]]
 [[ 58  99]]
 [[ 61 102]]
 [[ 62 102]]
 [[ 69 109]]
 [[ 70 109]]
 [[ 71 110]]
 [[ 71 112]]
 [[ 69 114]]
 [[ 64 114]]
 [[ 63 113]]
 [[ 59 113]]
 [[ 58 112]]
 [[ 56 112]]
 [[ 55 111]]
 [[ 54 111]]
 [[ 53 110]]
 [[ 52 110]]
 [[ 50 108]]
 [[ 49 108]]
 [[ 47 106]]
 [[ 47 105]]
 [[ 45 103]]
 [[ 45 102]]
 [[ 43 100]]
 [[ 44  99]]
 [[ 43  98]]
 [[ 44  97]]]
[[[84 96]]
 [[85 97]]
 [[86 97]]
 [[85 97]]]
[[[ 46  96]]
 [[ 45  97]]
 [[ 43  97]]
 [[ 42  98]]
 [[ 41  97]]
 [[ 42  98]]
 [[ 43  98]]
 [[ 44  99]]
 [[ 43 100]]
 [[ 43 101]]
 [[ 45 103]]
 [[ 45 104]]
 [[ 47 106]]
 [[ 47 107]]
 [[ 48 108]]
 [[ 49 108]]
 [[ 51 110]]
 [[ 52 110]]
 [[ 53 111]]
 [[ 55 111]]
 [[ 56 112]]
 [[ 58 112]]
 [[ 59 113]]
 [[ 63 113]]
 [[ 64 114]]
 [[ 70 114]]
 [[ 71 113]]
 [[ 71 111]]
 [[ 72 110]]
 [[ 71 110]]
 [[ 63 102]]
 [[ 62 102]]
 [[ 59  99]]
 [[ 57  99]]
 [[ 56  98]]
 [[ 55  98]]
 [[ 54  97]]
 [[ 49  97]]
 [[ 48  96]]]
[[[123  95]]]
[[[333  93]]]
[[[247  91]]
 [[247  92]]
 [[246  93]]
 [[245  92]]
 [[247  94]]
 [[247 108]]
 [[248 109]]
 [[248 116]]
 [[249 117]]
 [[249 120]]
 [[250 121]]
 [[250 125]]
 [[251 126]]
 [[251 129]]
 [[252 130]]
 [[252 134]]
 [[253 135]]
 [[253 139]]
 [[254 140]]
 [[254 143]]
 [[255 144]]
 [[255 147]]
 [[256 148]]
 [[256 152]]
 [[257 153]]
 [[257 157]]
 [[258 158]]
 [[258 161]]
 [[258 158]]
 [[257 157]]
 [[257 153]]
 [[256 152]]
 [[256 148]]
 [[255 147]]
 [[255 144]]
 [[254 143]]
 [[254 140]]
 [[253 139]]
 [[253 135]]
 [[252 134]]
 [[252 130]]
 [[251 129]]
 [[251 126]]
 [[250 125]]
 [[250 121]]
 [[249 120]]
 [[249 117]]
 [[248 116]]
 [[248 109]]
 [[247 108]]
 [[247  92]]
 [[248  91]]
 [[249  92]]
 [[319  92]]
 [[324  97]]
 [[324  98]]
 [[329 103]]
 [[329 104]]
 [[338 113]]
 [[339 113]]
 [[341 115]]
 [[341 116]]
 [[346 121]]
 [[346 122]]
 [[351 127]]
 [[351 128]]
 [[353 130]]
 [[353 131]]
 [[354 132]]
 [[354 133]]
 [[355 134]]
 [[355 135]]
 [[356 136]]
 [[356 139]]
 [[357 140]]
 [[357 146]]
 [[357 140]]
 [[356 139]]
 [[356 136]]
 [[355 135]]
 [[355 134]]
 [[354 133]]
 [[354 132]]
 [[353 131]]
 [[353 129]]
 [[351 127]]
 [[351 126]]
 [[346 121]]
 [[346 120]]
 [[341 115]]
 [[341 114]]
 [[340 114]]
 [[329 103]]
 [[329 102]]
 [[323  96]]
 [[323  95]]
 [[321  93]]
 [[320  93]]
 [[319  92]]
 [[249  92]]
 [[248  91]]]
[[[146  89]]
 [[145  90]]
 [[145  93]]
 [[144  94]]
 [[144 106]]
 [[145 107]]
 [[145 114]]
 [[146 115]]
 [[146 118]]
 [[147 119]]
 [[147 120]]
 [[148 121]]
 [[148 122]]
 [[149 123]]
 [[149 124]]
 [[153 128]]
 [[153 129]]
 [[154 130]]
 [[155 130]]
 [[153 128]]
 [[153 127]]
 [[149 123]]
 [[149 122]]
 [[147 120]]
 [[147 119]]
 [[146 118]]
 [[146 115]]
 [[145 114]]
 [[145 107]]
 [[144 106]]
 [[144  94]]
 [[145  93]]
 [[145  91]]
 [[147  89]]
 [[151  89]]
 [[152  90]]
 [[199  90]]
 [[200  91]]
 [[239  91]]
 [[240  92]]
 [[241  91]]
 [[243  93]]
 [[242  94]]
 [[242  98]]
 [[243  99]]
 [[243 109]]
 [[244 110]]
 [[243 111]]
 [[243 113]]
 [[243 111]]
 [[244 110]]
 [[243 109]]
 [[243  99]]
 [[242  98]]
 [[242  94]]
 [[243  93]]
 [[243  92]]
 [[242  91]]
 [[241  91]]
 [[240  92]]
 [[239  91]]
 [[200  91]]
 [[199  90]]
 [[152  90]]
 [[151  89]]]
[[[44 74]]]
[[[42 70]]
 [[41 71]]
 [[41 72]]
 [[40 73]]
 [[40 74]]
 [[39 75]]
 [[38 74]]
 [[39 75]]
 [[38 76]]
 [[38 78]]
 [[38 76]]
 [[39 75]]
 [[40 75]]
 [[41 74]]
 [[41 71]]]
[[[348  68]]
 [[349  67]]
 [[357  67]]
 [[358  68]]
 [[359  68]]
 [[360  69]]
 [[361  69]]
 [[368  76]]
 [[368  77]]
 [[369  78]]
 [[369  79]]
 [[370  80]]
 [[370  89]]
 [[369  90]]
 [[369  92]]
 [[368  93]]
 [[368  94]]
 [[366  96]]
 [[366  97]]
 [[365  98]]
 [[364  98]]
 [[362 100]]
 [[347 100]]
 [[346  99]]
 [[343  99]]
 [[342  98]]
 [[341  98]]
 [[337  94]]
 [[337  93]]
 [[336  92]]
 [[336  89]]
 [[335  88]]
 [[335  81]]
 [[336  80]]
 [[336  78]]
 [[338  76]]
 [[338  75]]
 [[344  69]]
 [[345  69]]
 [[346  68]]]
[[[ 98  68]]
 [[ 99  67]]
 [[107  67]]
 [[108  68]]
 [[110  68]]
 [[111  69]]
 [[112  69]]
 [[118  75]]
 [[118  76]]
 [[120  78]]
 [[120  80]]
 [[121  81]]
 [[121  88]]
 [[120  89]]
 [[120  91]]
 [[119  92]]
 [[119  93]]
 [[118  94]]
 [[118  95]]
 [[113 100]]
 [[112 100]]
 [[111 101]]
 [[110 101]]
 [[109 102]]
 [[ 99 102]]
 [[ 98 101]]
 [[ 96 101]]
 [[ 95 100]]
 [[ 94 100]]
 [[ 89  95]]
 [[ 89  94]]
 [[ 88  93]]
 [[ 88  92]]
 [[ 87  91]]
 [[ 87  90]]
 [[ 86  89]]
 [[ 86  80]]
 [[ 87  79]]
 [[ 87  78]]
 [[ 88  77]]
 [[ 88  76]]
 [[ 95  69]]
 [[ 96  69]]
 [[ 97  68]]]
[[[349  67]]
 [[348  68]]
 [[345  68]]
 [[343  70]]
 [[342  70]]
 [[338  74]]
 [[338  75]]
 [[337  76]]
 [[337  77]]
 [[336  78]]
 [[336  80]]
 [[335  81]]
 [[335  88]]
 [[336  89]]
 [[336  93]]
 [[337  94]]
 [[337  95]]
 [[340  98]]
 [[342  98]]
 [[343  99]]
 [[346  99]]
 [[347 100]]
 [[362 100]]
 [[363  99]]
 [[364  99]]
 [[365  98]]
 [[366  98]]
 [[366  97]]
 [[368  95]]
 [[368  94]]
 [[369  93]]
 [[369  90]]
 [[370  89]]
 [[370  80]]
 [[369  79]]
 [[369  77]]
 [[368  76]]
 [[368  75]]
 [[362  69]]
 [[361  69]]
 [[360  68]]
 [[358  68]]
 [[357  67]]]
[[[ 99  67]]
 [[ 98  68]]
 [[ 96  68]]
 [[ 95  69]]
 [[ 94  69]]
 [[ 88  75]]
 [[ 88  76]]
 [[ 87  77]]
 [[ 87  79]]
 [[ 86  80]]
 [[ 86  89]]
 [[ 87  90]]
 [[ 87  92]]
 [[ 88  93]]
 [[ 88  94]]
 [[ 89  95]]
 [[ 89  96]]
 [[ 93 100]]
 [[ 94 100]]
 [[ 95 101]]
 [[ 98 101]]
 [[ 99 102]]
 [[109 102]]
 [[110 101]]
 [[112 101]]
 [[113 100]]
 [[114 100]]
 [[118  96]]
 [[118  95]]
 [[119  94]]
 [[119  93]]
 [[120  92]]
 [[120  89]]
 [[121  88]]
 [[121  81]]
 [[120  80]]
 [[120  77]]
 [[118  75]]
 [[118  74]]
 [[113  69]]
 [[112  69]]
 [[111  68]]
 [[108  68]]
 [[107  67]]]
[[[ 42  67]]
 [[ 41  68]]
 [[ 42  68]]
 [[ 43  67]]
 [[ 52  67]]
 [[ 53  68]]
 [[ 53  69]]
 [[ 54  70]]
 [[ 45  79]]
 [[ 44  79]]
 [[ 42  81]]
 [[ 41  81]]
 [[ 40  82]]
 [[ 38  82]]
 [[ 37  83]]
 [[ 35  83]]
 [[ 35  91]]
 [[ 36  92]]
 [[ 36  94]]
 [[ 37  95]]
 [[ 37  96]]
 [[ 38  97]]
 [[ 38 100]]
 [[ 39 101]]
 [[ 39 102]]
 [[ 40 103]]
 [[ 40 105]]
 [[ 41 106]]
 [[ 41 107]]
 [[ 44 110]]
 [[ 44 111]]
 [[ 45 112]]
 [[ 46 112]]
 [[ 48 114]]
 [[ 49 114]]
 [[ 50 115]]
 [[ 51 115]]
 [[ 52 116]]
 [[ 54 116]]
 [[ 55 117]]
 [[ 57 117]]
 [[ 58 118]]
 [[ 60 118]]
 [[ 61 119]]
 [[ 64 119]]
 [[ 65 120]]
 [[ 69 120]]
 [[ 70 121]]
 [[ 73 121]]
 [[ 74 122]]
 [[ 77 122]]
 [[ 78 123]]
 [[ 81 123]]
 [[ 82 124]]
 [[ 86 124]]
 [[ 87 125]]
 [[ 91 125]]
 [[ 92 126]]
 [[ 97 126]]
 [[ 98 127]]
 [[103 127]]
 [[104 128]]
 [[109 128]]
 [[110 129]]
 [[116 129]]
 [[117 130]]
 [[124 130]]
 [[125 131]]
 [[128 131]]
 [[129 130]]
 [[136 130]]
 [[137 131]]
 [[138 131]]
 [[139 132]]
 [[140 132]]
 [[141 133]]
 [[142 133]]
 [[144 135]]
 [[145 135]]
 [[146 136]]
 [[147 136]]
 [[148 137]]
 [[149 137]]
 [[151 139]]
 [[152 139]]
 [[153 140]]
 [[154 140]]
 [[155 141]]
 [[156 141]]
 [[158 143]]
 [[159 143]]
 [[160 144]]
 [[161 144]]
 [[162 145]]
 [[163 145]]
 [[164 146]]
 [[165 146]]
 [[167 148]]
 [[168 148]]
 [[169 149]]
 [[170 149]]
 [[171 150]]
 [[172 150]]
 [[173 151]]
 [[174 151]]
 [[175 152]]
 [[176 152]]
 [[177 153]]
 [[178 153]]
 [[180 155]]
 [[181 155]]
 [[182 156]]
 [[183 156]]
 [[184 157]]
 [[185 157]]
 [[186 158]]
 [[188 158]]
 [[189 159]]
 [[190 159]]
 [[191 160]]
 [[192 160]]
 [[193 161]]
 [[194 161]]
 [[195 162]]
 [[196 162]]
 [[197 163]]
 [[199 163]]
 [[200 164]]
 [[202 164]]
 [[203 165]]
 [[205 165]]
 [[206 166]]
 [[208 166]]
 [[209 167]]
 [[213 167]]
 [[214 168]]
 [[218 168]]
 [[219 169]]
 [[225 169]]
 [[226 170]]
 [[235 170]]
 [[236 171]]
 [[254 171]]
 [[255 172]]
 [[290 172]]
 [[291 171]]
 [[311 171]]
 [[312 170]]
 [[321 170]]
 [[322 169]]
 [[327 169]]
 [[328 168]]
 [[332 168]]
 [[333 167]]
 [[335 167]]
 [[336 166]]
 [[338 166]]
 [[339 165]]
 [[341 165]]
 [[342 164]]
 [[344 164]]
 [[345 163]]
 [[347 163]]
 [[348 162]]
 [[350 162]]
 [[351 161]]
 [[354 161]]
 [[355 160]]
 [[357 160]]
 [[358 159]]
 [[361 159]]
 [[362 158]]
 [[364 158]]
 [[365 157]]
 [[367 157]]
 [[368 156]]
 [[370 156]]
 [[371 155]]
 [[373 155]]
 [[374 154]]
 [[375 154]]
 [[376 153]]
 [[378 153]]
 [[379 152]]
 [[381 152]]
 [[382 151]]
 [[383 151]]
 [[384 150]]
 [[386 150]]
 [[387 149]]
 [[388 149]]
 [[389 148]]
 [[391 148]]
 [[392 147]]
 [[393 147]]
 [[394 146]]
 [[396 146]]
 [[397 145]]
 [[399 145]]
 [[400 144]]
 [[401 144]]
 [[402 143]]
 [[403 143]]
 [[404 142]]
 [[405 142]]
 [[406 141]]
 [[407 141]]
 [[409 139]]
 [[410 139]]
 [[411 138]]
 [[414 138]]
 [[415 137]]
 [[416 137]]
 [[417 138]]
 [[418 138]]
 [[420 140]]
 [[420 141]]
 [[423 144]]
 [[435 144]]
 [[436 143]]
 [[435 142]]
 [[436 141]]
 [[436 140]]
 [[435 139]]
 [[435 138]]
 [[432 135]]
 [[431 135]]
 [[430 134]]
 [[430 133]]
 [[427 130]]
 [[427 128]]
 [[426 127]]
 [[426 111]]
 [[427 110]]
 [[427 109]]
 [[428 108]]
 [[430 108]]
 [[431 107]]
 [[434 107]]
 [[435 108]]
 [[436 108]]
 [[435 108]]
 [[434 107]]
 [[431 107]]
 [[430 108]]
 [[427 108]]
 [[426 109]]
 [[427 110]]
 [[426 111]]
 [[426 127]]
 [[427 128]]
 [[427 130]]
 [[428 131]]
 [[428 132]]
 [[436 140]]
 [[436 141]]
 [[435 142]]
 [[435 143]]
 [[434 144]]
 [[424 144]]
 [[420 140]]
 [[420 139]]
 [[419 138]]
 [[417 138]]
 [[416 137]]
 [[417 136]]
 [[416 137]]
 [[415 137]]
 [[414 138]]
 [[411 138]]
 [[410 139]]
 [[409 139]]
 [[408 140]]
 [[407 140]]
 [[406 141]]
 [[405 141]]
 [[404 142]]
 [[403 142]]
 [[402 143]]
 [[401 143]]
 [[400 144]]
 [[399 144]]
 [[398 145]]
 [[396 145]]
 [[395 146]]
 [[394 146]]
 [[393 147]]
 [[391 147]]
 [[390 148]]
 [[389 148]]
 [[388 149]]
 [[387 149]]
 [[386 150]]
 [[384 150]]
 [[383 151]]
 [[382 151]]
 [[381 152]]
 [[379 152]]
 [[378 153]]
 [[376 153]]
 [[375 154]]
 [[374 154]]
 [[373 155]]
 [[371 155]]
 [[370 156]]
 [[368 156]]
 [[367 157]]
 [[365 157]]
 [[364 158]]
 [[362 158]]
 [[361 159]]
 [[358 159]]
 [[357 160]]
 [[355 160]]
 [[354 161]]
 [[351 161]]
 [[350 162]]
 [[348 162]]
 [[347 163]]
 [[345 163]]
 [[344 164]]
 [[342 164]]
 [[341 165]]
 [[339 165]]
 [[338 166]]
 [[336 166]]
 [[335 167]]
 [[333 167]]
 [[332 168]]
 [[328 168]]
 [[327 169]]
 [[322 169]]
 [[321 170]]
 [[312 170]]
 [[311 171]]
 [[291 171]]
 [[290 172]]
 [[255 172]]
 [[254 171]]
 [[236 171]]
 [[235 170]]
 [[226 170]]
 [[225 169]]
 [[219 169]]
 [[218 168]]
 [[214 168]]
 [[213 167]]
 [[209 167]]
 [[208 166]]
 [[206 166]]
 [[205 165]]
 [[203 165]]
 [[202 164]]
 [[200 164]]
 [[199 163]]
 [[198 163]]
 [[197 162]]
 [[196 162]]
 [[195 161]]
 [[194 161]]
 [[193 160]]
 [[192 160]]
 [[191 159]]
 [[189 159]]
 [[188 158]]
 [[187 158]]
 [[186 157]]
 [[185 157]]
 [[184 156]]
 [[183 156]]
 [[182 155]]
 [[181 155]]
 [[179 153]]
 [[178 153]]
 [[177 152]]
 [[176 152]]
 [[175 151]]
 [[174 151]]
 [[173 150]]
 [[172 150]]
 [[171 149]]
 [[170 149]]
 [[169 148]]
 [[168 148]]
 [[166 146]]
 [[165 146]]
 [[164 145]]
 [[163 145]]
 [[162 144]]
 [[161 144]]
 [[160 143]]
 [[159 143]]
 [[157 141]]
 [[156 141]]
 [[155 140]]
 [[154 140]]
 [[153 139]]
 [[152 139]]
 [[150 137]]
 [[149 137]]
 [[148 136]]
 [[147 136]]
 [[146 135]]
 [[145 135]]
 [[144 134]]
 [[143 134]]
 [[141 132]]
 [[140 132]]
 [[139 131]]
 [[137 131]]
 [[136 130]]
 [[129 130]]
 [[128 131]]
 [[125 131]]
 [[124 130]]
 [[117 130]]
 [[116 129]]
 [[110 129]]
 [[109 128]]
 [[104 128]]
 [[103 127]]
 [[ 98 127]]
 [[ 97 126]]
 [[ 92 126]]
 [[ 91 125]]
 [[ 87 125]]
 [[ 86 124]]
 [[ 82 124]]
 [[ 81 123]]
 [[ 78 123]]
 [[ 77 122]]
 [[ 74 122]]
 [[ 73 121]]
 [[ 70 121]]
 [[ 69 120]]
 [[ 65 120]]
 [[ 64 119]]
 [[ 61 119]]
 [[ 60 118]]
 [[ 58 118]]
 [[ 57 117]]
 [[ 55 117]]
 [[ 54 116]]
 [[ 53 116]]
 [[ 52 115]]
 [[ 51 115]]
 [[ 50 114]]
 [[ 49 114]]
 [[ 47 112]]
 [[ 46 112]]
 [[ 44 110]]
 [[ 44 109]]
 [[ 41 106]]
 [[ 41 105]]
 [[ 40 104]]
 [[ 40 103]]
 [[ 39 102]]
 [[ 39 101]]
 [[ 38 100]]
 [[ 38  96]]
 [[ 37  95]]
 [[ 37  94]]
 [[ 36  93]]
 [[ 36  92]]
 [[ 35  91]]
 [[ 35  85]]
 [[ 37  83]]
 [[ 38  83]]
 [[ 39  82]]
 [[ 40  82]]
 [[ 41  81]]
 [[ 43  81]]
 [[ 45  79]]
 [[ 46  79]]
 [[ 54  71]]
 [[ 54  70]]
 [[ 53  69]]
 [[ 54  68]]
 [[ 53  67]]]
[[[249  66]]
 [[248  67]]
 [[248  75]]
 [[247  76]]
 [[247  83]]
 [[248  84]]
 [[248  83]]
 [[247  82]]
 [[247  76]]
 [[248  75]]
 [[248  68]]
 [[250  66]]
 [[280  66]]
 [[281  67]]
 [[282  67]]
 [[283  66]]
 [[285  66]]
 [[286  67]]
 [[287  67]]
 [[288  66]]
 [[289  67]]
 [[300  67]]
 [[302  69]]
 [[303  69]]
 [[306  72]]
 [[306  73]]
 [[308  75]]
 [[308  76]]
 [[310  78]]
 [[310  79]]
 [[313  82]]
 [[313  84]]
 [[312  85]]
 [[300  85]]
 [[299  84]]
 [[263  84]]
 [[262  83]]
 [[261  84]]
 [[253  84]]
 [[252  83]]
 [[250  83]]
 [[252  83]]
 [[253  84]]
 [[261  84]]
 [[262  83]]
 [[263  84]]
 [[299  84]]
 [[300  85]]
 [[313  85]]
 [[314  84]]
 [[315  84]]
 [[316  85]]
 [[315  84]]
 [[314  84]]
 [[313  83]]
 [[313  81]]
 [[310  78]]
 [[310  77]]
 [[308  75]]
 [[308  74]]
 [[306  72]]
 [[306  71]]
 [[304  69]]
 [[303  69]]
 [[301  67]]
 [[289  67]]
 [[288  66]]
 [[287  67]]
 [[286  67]]
 [[285  66]]
 [[283  66]]
 [[282  67]]
 [[281  67]]
 [[280  66]]]
[[[151  65]]
 [[150  66]]
 [[149  66]]
 [[149  67]]
 [[148  68]]
 [[148  72]]
 [[147  73]]
 [[147  76]]
 [[146  77]]
 [[146  81]]
 [[147  82]]
 [[190  82]]
 [[191  83]]
 [[195  83]]
 [[196  82]]
 [[197  83]]
 [[198  83]]
 [[199  82]]
 [[201  82]]
 [[202  83]]
 [[206  83]]
 [[207  82]]
 [[208  83]]
 [[240  83]]
 [[241  84]]
 [[242  84]]
 [[243  83]]
 [[243  71]]
 [[244  70]]
 [[243  69]]
 [[244  70]]
 [[243  71]]
 [[243  82]]
 [[241  84]]
 [[240  83]]
 [[208  83]]
 [[207  82]]
 [[206  83]]
 [[202  83]]
 [[201  82]]
 [[199  82]]
 [[198  83]]
 [[197  83]]
 [[196  82]]
 [[195  83]]
 [[191  83]]
 [[190  82]]
 [[148  82]]
 [[146  80]]
 [[146  77]]
 [[147  76]]
 [[147  73]]
 [[148  72]]
 [[148  69]]
 [[149  68]]
 [[149  67]]
 [[150  66]]
 [[152  66]]
 [[153  65]]
 [[155  65]]
 [[156  66]]
 [[158  66]]
 [[159  65]]
 [[162  65]]
 [[163  66]]
 [[242  66]]
 [[243  67]]
 [[244  67]]
 [[243  66]]
 [[163  66]]
 [[162  65]]
 [[159  65]]
 [[158  66]]
 [[156  66]]
 [[155  65]]
 [[153  65]]
 [[152  66]]]
[[[142  65]]
 [[143  65]]
 [[144  66]]
 [[144  71]]
 [[143  72]]
 [[143  75]]
 [[142  76]]
 [[142  85]]
 [[141  86]]
 [[141  88]]
 [[140  89]]
 [[140 109]]
 [[141 110]]
 [[141 116]]
 [[142 117]]
 [[142 119]]
 [[143 120]]
 [[143 122]]
 [[144 123]]
 [[144 124]]
 [[145 125]]
 [[145 126]]
 [[153 134]]
 [[154 134]]
 [[155 135]]
 [[156 135]]
 [[157 136]]
 [[158 136]]
 [[161 139]]
 [[162 139]]
 [[163 140]]
 [[164 140]]
 [[165 141]]
 [[166 141]]
 [[167 142]]
 [[168 142]]
 [[169 143]]
 [[169 142]]
 [[168 142]]
 [[167 141]]
 [[166 141]]
 [[165 140]]
 [[164 140]]
 [[163 139]]
 [[162 139]]
 [[159 136]]
 [[158 136]]
 [[157 135]]
 [[156 135]]
 [[155 134]]
 [[154 134]]
 [[145 125]]
 [[145 124]]
 [[144 123]]
 [[144 122]]
 [[143 121]]
 [[143 120]]
 [[142 119]]
 [[142 117]]
 [[141 116]]
 [[141 110]]
 [[140 109]]
 [[140  89]]
 [[141  88]]
 [[141  86]]
 [[142  85]]
 [[142  76]]
 [[143  75]]
 [[143  72]]
 [[144  71]]
 [[144  67]]
 [[145  66]]
 [[144  65]]]
[[[352  62]]
 [[351  63]]
 [[347  63]]
 [[346  64]]
 [[343  64]]
 [[342  65]]
 [[341  65]]
 [[338  68]]
 [[337  68]]
 [[336  69]]
 [[336  70]]
 [[334  72]]
 [[334  73]]
 [[332  75]]
 [[332  78]]
 [[331  79]]
 [[331  90]]
 [[331  79]]
 [[332  78]]
 [[332  76]]
 [[333  75]]
 [[333  74]]
 [[336  71]]
 [[336  70]]
 [[338  68]]
 [[339  68]]
 [[342  65]]
 [[343  65]]
 [[344  64]]
 [[346  64]]
 [[347  63]]
 [[351  63]]
 [[352  62]]
 [[353  62]]
 [[354  63]]
 [[359  63]]
 [[360  64]]
 [[361  64]]
 [[362  65]]
 [[363  65]]
 [[365  67]]
 [[366  67]]
 [[370  71]]
 [[370  72]]
 [[372  74]]
 [[372  75]]
 [[373  76]]
 [[373  77]]
 [[374  78]]
 [[374  82]]
 [[375  83]]
 [[375  86]]
 [[374  87]]
 [[374  92]]
 [[374  87]]
 [[375  86]]
 [[375  83]]
 [[374  82]]
 [[374  78]]
 [[373  77]]
 [[373  75]]
 [[372  74]]
 [[372  73]]
 [[370  71]]
 [[370  70]]
 [[367  67]]
 [[366  67]]
 [[364  65]]
 [[363  65]]
 [[362  64]]
 [[360  64]]
 [[359  63]]
 [[354  63]]
 [[353  62]]]
[[[143  62]]
 [[144  63]]
 [[145  63]]
 [[146  64]]
 [[145  63]]
 [[146  62]]
 [[243  62]]
 [[244  63]]
 [[249  63]]
 [[250  62]]
 [[292  62]]
 [[293  63]]
 [[294  63]]
 [[295  62]]
 [[296  62]]
 [[297  63]]
 [[302  63]]
 [[304  65]]
 [[305  65]]
 [[310  70]]
 [[310  71]]
 [[312  73]]
 [[312  74]]
 [[314  76]]
 [[314  77]]
 [[315  78]]
 [[315  79]]
 [[317  81]]
 [[317  82]]
 [[318  83]]
 [[318  84]]
 [[320  86]]
 [[320  87]]
 [[323  90]]
 [[323  91]]
 [[336 104]]
 [[336 105]]
 [[351 120]]
 [[351 121]]
 [[356 126]]
 [[356 127]]
 [[357 128]]
 [[357 129]]
 [[358 130]]
 [[358 132]]
 [[359 133]]
 [[359 135]]
 [[360 136]]
 [[360 141]]
 [[361 142]]
 [[361 145]]
 [[360 146]]
 [[360 148]]
 [[355 153]]
 [[354 153]]
 [[353 154]]
 [[352 154]]
 [[351 155]]
 [[350 155]]
 [[349 156]]
 [[347 156]]
 [[346 157]]
 [[345 157]]
 [[344 158]]
 [[343 158]]
 [[342 159]]
 [[341 159]]
 [[342 159]]
 [[343 158]]
 [[345 158]]
 [[346 157]]
 [[347 157]]
 [[348 156]]
 [[350 156]]
 [[351 155]]
 [[352 155]]
 [[353 154]]
 [[354 154]]
 [[355 153]]
 [[356 153]]
 [[360 149]]
 [[360 146]]
 [[361 145]]
 [[361 142]]
 [[360 141]]
 [[360 136]]
 [[359 135]]
 [[359 133]]
 [[358 132]]
 [[358 130]]
 [[357 129]]
 [[357 127]]
 [[355 125]]
 [[355 124]]
 [[351 120]]
 [[351 119]]
 [[334 102]]
 [[334 101]]
 [[329  96]]
 [[330  95]]
 [[329  96]]
 [[323  90]]
 [[323  89]]
 [[320  86]]
 [[320  85]]
 [[318  83]]
 [[318  82]]
 [[317  81]]
 [[317  80]]
 [[315  78]]
 [[315  77]]
 [[314  76]]
 [[314  75]]
 [[312  73]]
 [[312  72]]
 [[310  70]]
 [[310  69]]
 [[306  65]]
 [[305  65]]
 [[304  64]]
 [[303  64]]
 [[302  63]]
 [[297  63]]
 [[296  62]]
 [[295  62]]
 [[294  63]]
 [[293  63]]
 [[292  62]]
 [[250  62]]
 [[249  63]]
 [[244  63]]
 [[243  62]]]
[[[103  62]]
 [[102  63]]
 [[ 97  63]]
 [[ 96  64]]
 [[ 94  64]]
 [[ 93  65]]
 [[ 92  65]]
 [[ 90  67]]
 [[ 89  67]]
 [[ 86  70]]
 [[ 86  71]]
 [[ 84  73]]
 [[ 84  74]]
 [[ 83  75]]
 [[ 83  77]]
 [[ 82  78]]
 [[ 82  82]]
 [[ 81  83]]
 [[ 81  86]]
 [[ 82  87]]
 [[ 82  90]]
 [[ 83  91]]
 [[ 83  94]]
 [[ 83  91]]
 [[ 82  90]]
 [[ 82  87]]
 [[ 81  86]]
 [[ 81  83]]
 [[ 82  82]]
 [[ 82  78]]
 [[ 83  77]]
 [[ 83  76]]
 [[ 84  75]]
 [[ 84  74]]
 [[ 86  72]]
 [[ 86  71]]
 [[ 90  67]]
 [[ 91  67]]
 [[ 93  65]]
 [[ 94  65]]
 [[ 95  64]]
 [[ 96  64]]
 [[ 97  63]]
 [[102  63]]
 [[103  62]]
 [[104  62]]
 [[105  63]]
 [[109  63]]
 [[110  64]]
 [[112  64]]
 [[113  65]]
 [[114  65]]
 [[117  68]]
 [[118  68]]
 [[120  70]]
 [[120  71]]
 [[122  73]]
 [[122  74]]
 [[124  76]]
 [[124  78]]
 [[125  79]]
 [[125  89]]
 [[124  90]]
 [[124  93]]
 [[124  90]]
 [[125  89]]
 [[125  79]]
 [[124  78]]
 [[124  76]]
 [[123  75]]
 [[123  74]]
 [[122  73]]
 [[122  72]]
 [[120  70]]
 [[120  69]]
 [[119  68]]
 [[118  68]]
 [[115  65]]
 [[114  65]]
 [[113  64]]
 [[110  64]]
 [[109  63]]
 [[105  63]]
 [[104  62]]]
[[[432  60]]
 [[431  61]]
 [[432  60]]
 [[437  60]]
 [[438  61]]
 [[439  61]]
 [[442  64]]
 [[442  68]]
 [[442  65]]
 [[443  64]]
 [[441  62]]
 [[440  62]]
 [[439  61]]
 [[438  61]]
 [[437  60]]]
[[[389  58]]
 [[389  61]]
 [[388  62]]
 [[388  69]]
 [[387  70]]
 [[387  74]]
 [[386  75]]
 [[386  78]]
 [[385  79]]
 [[385  80]]
 [[386  79]]
 [[386  76]]
 [[387  75]]
 [[387  70]]
 [[388  69]]
 [[388  62]]
 [[389  61]]
 [[389  59]]
 [[390  58]]
 [[406  58]]
 [[407  59]]
 [[414  59]]
 [[415  60]]
 [[419  60]]
 [[420  61]]
 [[424  61]]
 [[425  62]]
 [[428  62]]
 [[429  63]]
 [[430  63]]
 [[431  64]]
 [[432  64]]
 [[436  68]]
 [[437  68]]
 [[438  69]]
 [[439  69]]
 [[444  74]]
 [[444  85]]
 [[445  86]]
 [[445  90]]
 [[444  91]]
 [[444  92]]
 [[443  93]]
 [[443  94]]
 [[442  95]]
 [[442  96]]
 [[440  98]]
 [[440 103]]
 [[439 104]]
 [[439 105]]
 [[438 106]]
 [[437 106]]
 [[439 106]]
 [[439 104]]
 [[440 103]]
 [[440  99]]
 [[442  97]]
 [[442  96]]
 [[443  95]]
 [[443  94]]
 [[444  93]]
 [[444  91]]
 [[445  90]]
 [[445  86]]
 [[444  85]]
 [[444  74]]
 [[443  73]]
 [[443  72]]
 [[440  69]]
 [[439  69]]
 [[438  68]]
 [[437  68]]
 [[434  65]]
 [[433  65]]
 [[432  64]]
 [[431  64]]
 [[430  63]]
 [[429  63]]
 [[428  62]]
 [[425  62]]
 [[424  61]]
 [[420  61]]
 [[419  60]]
 [[415  60]]
 [[414  59]]
 [[407  59]]
 [[406  58]]]
[[[346  58]]
 [[345  59]]
 [[344  59]]
 [[343  60]]
 [[341  60]]
 [[340  61]]
 [[339  61]]
 [[338  62]]
 [[337  62]]
 [[331  68]]
 [[331  69]]
 [[329  71]]
 [[329  72]]
 [[328  73]]
 [[328  75]]
 [[327  76]]
 [[327  78]]
 [[326  79]]
 [[326  87]]
 [[327  88]]
 [[327  89]]
 [[329  91]]
 [[329  92]]
 [[330  92]]
 [[329  91]]
 [[329  90]]
 [[327  88]]
 [[327  87]]
 [[326  86]]
 [[326  79]]
 [[327  78]]
 [[327  76]]
 [[328  75]]
 [[328  74]]
 [[329  73]]
 [[329  72]]
 [[331  70]]
 [[331  69]]
 [[338  62]]
 [[339  62]]
 [[340  61]]
 [[341  61]]
 [[342  60]]
 [[343  60]]
 [[344  59]]
 [[345  59]]
 [[346  58]]
 [[359  58]]
 [[360  59]]
 [[361  59]]
 [[362  60]]
 [[363  60]]
 [[364  61]]
 [[365  61]]
 [[366  62]]
 [[367  62]]
 [[375  70]]
 [[375  71]]
 [[376  72]]
 [[376  73]]
 [[377  74]]
 [[377  75]]
 [[378  76]]
 [[378  78]]
 [[379  79]]
 [[379  89]]
 [[378  90]]
 [[378  91]]
 [[374  95]]
 [[374  96]]
 [[378  92]]
 [[378  91]]
 [[379  90]]
 [[379  79]]
 [[378  78]]
 [[378  76]]
 [[377  75]]
 [[377  73]]
 [[376  72]]
 [[376  71]]
 [[374  69]]
 [[374  68]]
 [[368  62]]
 [[367  62]]
 [[366  61]]
 [[365  61]]
 [[364  60]]
 [[362  60]]
 [[361  59]]
 [[360  59]]
 [[359  58]]]
[[[ 97  58]]
 [[ 96  59]]
 [[ 94  59]]
 [[ 93  60]]
 [[ 92  60]]
 [[ 91  61]]
 [[ 90  61]]
 [[ 89  62]]
 [[ 88  62]]
 [[ 81  69]]
 [[ 81  70]]
 [[ 80  71]]
 [[ 80  72]]
 [[ 79  73]]
 [[ 79  74]]
 [[ 78  75]]
 [[ 78  78]]
 [[ 77  79]]
 [[ 77  83]]
 [[ 76  84]]
 [[ 76  86]]
 [[ 77  87]]
 [[ 77  91]]
 [[ 79  93]]
 [[ 79  94]]
 [[ 80  95]]
 [[ 81  95]]
 [[ 79  93]]
 [[ 79  92]]
 [[ 77  90]]
 [[ 77  87]]
 [[ 76  86]]
 [[ 76  84]]
 [[ 77  83]]
 [[ 77  79]]
 [[ 78  78]]
 [[ 78  75]]
 [[ 80  73]]
 [[ 80  72]]
 [[ 81  71]]
 [[ 81  70]]
 [[ 89  62]]
 [[ 90  62]]
 [[ 91  61]]
 [[ 92  61]]
 [[ 94  59]]
 [[ 96  59]]
 [[ 97  58]]
 [[109  58]]
 [[110  59]]
 [[112  59]]
 [[113  60]]
 [[114  60]]
 [[115  61]]
 [[116  61]]
 [[118  63]]
 [[119  63]]
 [[125  69]]
 [[125  70]]
 [[127  72]]
 [[127  73]]
 [[128  74]]
 [[128  76]]
 [[129  77]]
 [[129  79]]
 [[130  80]]
 [[130  89]]
 [[129  90]]
 [[129  91]]
 [[127  93]]
 [[127  94]]
 [[124  97]]
 [[121  97]]
 [[125  97]]
 [[126  96]]
 [[126  95]]
 [[129  92]]
 [[129  90]]
 [[130  89]]
 [[130  80]]
 [[129  79]]
 [[129  77]]
 [[128  76]]
 [[128  73]]
 [[127  72]]
 [[127  71]]
 [[125  69]]
 [[125  68]]
 [[120  63]]
 [[119  63]]
 [[117  61]]
 [[116  61]]
 [[115  60]]
 [[113  60]]
 [[112  59]]
 [[110  59]]
 [[109  58]]]
[[[139  57]]
 [[139  58]]
 [[138  59]]
 [[138  65]]
 [[137  66]]
 [[137  72]]
 [[136  73]]
 [[136  78]]
 [[136  75]]
 [[137  74]]
 [[137  66]]
 [[138  65]]
 [[138  59]]
 [[140  57]]
 [[313  57]]]
[[[319  55]]
 [[319  56]]
 [[320  55]]
 [[335  55]]]
[[[121  55]]
 [[135  55]]
 [[136  56]]
 [[136  55]]]
[[[370  54]]
 [[370  55]]
 [[386  55]]
 [[387  56]]
 [[386  55]]
 [[371  55]]]
[[[342  54]]
 [[341  55]]
 [[340  55]]
 [[339  56]]
 [[338  56]]
 [[337  57]]
 [[336  57]]
 [[335  58]]
 [[334  58]]
 [[326  66]]
 [[326  67]]
 [[325  68]]
 [[325  69]]
 [[324  70]]
 [[324  71]]
 [[323  72]]
 [[323  74]]
 [[322  75]]
 [[321  75]]
 [[319  73]]
 [[319  71]]
 [[318  70]]
 [[318  65]]
 [[317  64]]
 [[317  60]]
 [[316  59]]
 [[316  58]]
 [[315  57]]
 [[315  58]]
 [[317  60]]
 [[317  64]]
 [[318  65]]
 [[318  70]]
 [[319  71]]
 [[319  74]]
 [[320  75]]
 [[320  77]]
 [[320  76]]
 [[321  75]]
 [[322  76]]
 [[323  75]]
 [[323  73]]
 [[324  72]]
 [[324  71]]
 [[325  70]]
 [[325  69]]
 [[326  68]]
 [[326  67]]
 [[335  58]]
 [[336  58]]
 [[337  57]]
 [[338  57]]
 [[339  56]]
 [[340  56]]
 [[341  55]]
 [[342  55]]]
[[[113  54]]
 [[114  55]]
 [[115  55]]
 [[116  56]]
 [[117  56]]
 [[118  57]]
 [[119  57]]
 [[121  59]]
 [[122  59]]
 [[129  66]]
 [[129  67]]
 [[131  69]]
 [[131  70]]
 [[132  71]]
 [[132  73]]
 [[133  74]]
 [[133  76]]
 [[133  73]]
 [[132  72]]
 [[132  70]]
 [[131  69]]
 [[131  68]]
 [[129  66]]
 [[129  65]]
 [[123  59]]
 [[122  59]]
 [[120  57]]
 [[119  57]]
 [[118  56]]
 [[117  56]]
 [[116  55]]
 [[115  55]]
 [[114  54]]]
[[[92 54]]
 [[90 56]]
 [[89 56]]
 [[88 57]]
 [[87 57]]
 [[86 58]]
 [[85 58]]
 [[83 60]]
 [[82 60]]
 [[79 63]]
 [[79 64]]
 [[76 67]]
 [[76 68]]
 [[75 69]]
 [[75 70]]
 [[74 71]]
 [[74 73]]
 [[73 74]]
 [[73 77]]
 [[71 79]]
 [[70 78]]
 [[70 77]]
 [[69 76]]
 [[69 72]]
 [[68 71]]
 [[68 63]]
 [[67 62]]
 [[67 59]]
 [[66 58]]
 [[48 58]]
 [[47 59]]
 [[41 59]]
 [[40 60]]
 [[37 60]]
 [[34 63]]
 [[34 80]]
 [[35 81]]
 [[34 80]]
 [[34 64]]
 [[38 60]]
 [[40 60]]
 [[41 59]]
 [[47 59]]
 [[48 58]]
 [[65 58]]
 [[67 60]]
 [[67 62]]
 [[68 63]]
 [[68 71]]
 [[69 72]]
 [[69 77]]
 [[70 78]]
 [[70 81]]
 [[70 80]]
 [[71 79]]
 [[72 79]]
 [[73 78]]
 [[73 75]]
 [[74 74]]
 [[74 72]]
 [[75 71]]
 [[75 70]]
 [[76 69]]
 [[76 68]]
 [[79 65]]
 [[79 64]]
 [[83 60]]
 [[84 60]]
 [[86 58]]
 [[87 58]]
 [[88 57]]
 [[89 57]]
 [[90 56]]
 [[91 56]]
 [[93 54]]]
[[[ 40  50]]
 [[ 39  51]]
 [[ 36  51]]
 [[ 36  53]]
 [[ 35  54]]
 [[ 67  54]]
 [[ 68  55]]
 [[ 85  55]]
 [[ 68  55]]
 [[ 67  54]]
 [[ 37  54]]
 [[ 36  53]]
 [[ 36  52]]
 [[ 37  51]]
 [[ 39  51]]
 [[ 40  50]]
 [[ 85  50]]
 [[ 86  51]]
 [[ 91  51]]
 [[ 92  52]]
 [[115  52]]
 [[116  51]]
 [[122  51]]
 [[123  50]]
 [[134  50]]
 [[135  51]]
 [[316  51]]
 [[317  50]]
 [[333  50]]
 [[334  51]]
 [[340  51]]
 [[341  52]]
 [[362  52]]
 [[363  53]]
 [[363  55]]
 [[364  55]]
 [[365  56]]
 [[366  56]]
 [[367  57]]
 [[368  57]]
 [[369  58]]
 [[370  58]]
 [[379  67]]
 [[379  68]]
 [[380  69]]
 [[380  70]]
 [[381  71]]
 [[381  72]]
 [[382  73]]
 [[382  75]]
 [[383  76]]
 [[383  79]]
 [[383  77]]
 [[384  76]]
 [[382  74]]
 [[382  72]]
 [[381  71]]
 [[381  70]]
 [[380  69]]
 [[380  68]]
 [[379  67]]
 [[379  66]]
 [[371  58]]
 [[370  58]]
 [[369  57]]
 [[368  57]]
 [[367  56]]
 [[366  56]]
 [[365  55]]
 [[364  55]]
 [[363  54]]
 [[363  53]]
 [[365  51]]
 [[371  51]]
 [[372  50]]
 [[386  50]]
 [[387  51]]
 [[400  51]]
 [[401  50]]
 [[441  50]]
 [[442  51]]
 [[444  51]]
 [[445  52]]
 [[445  53]]
 [[443  55]]
 [[415  55]]
 [[414  54]]
 [[396  54]]
 [[414  54]]
 [[415  55]]
 [[443  55]]
 [[444  54]]
 [[446  54]]
 [[445  53]]
 [[445  51]]
 [[442  51]]
 [[441  50]]
 [[401  50]]
 [[400  51]]
 [[387  51]]
 [[386  50]]
 [[372  50]]
 [[371  51]]
 [[365  51]]
 [[364  52]]
 [[341  52]]
 [[340  51]]
 [[334  51]]
 [[333  50]]
 [[317  50]]
 [[316  51]]
 [[135  51]]
 [[134  50]]
 [[123  50]]
 [[122  51]]
 [[116  51]]
 [[115  52]]
 [[ 92  52]]
 [[ 91  51]]
 [[ 86  51]]
 [[ 85  50]]]
